374709
374710
374711
374712
374715
374716
374717
374718
374719
374720
374721
374722
374724
374725
374726
374728
374729
374730
374731
374732
374734
374736
374737
374742
374743
374744
374745
374746
374747
374748
374749
374750
374751
374752
374753
374754
374756
374757
374758
374791
374792
374793
374794
374795
374798
374800
374802
374803
374805
374806
374807
374808
374811
374812
374815
374816
374817
374818
374820
374821
374824
374825
374827
374830
374831
374834
374835
374836
374837
374838
374840
374991
374992
374993
374995
374998
374999
375000
375003
375004
375006
375010
375011
375013
375014
375015
375016
375017
375022
375023
375024
375025
375026
375027
375030
375031
375032
375039
375056
375068
375075
375082
375088
375160
375165
375169
375170
375172
375178
375214
375215
375216
375221
375224
375230
375233
375235
375242
375243
375244
375245
375246
375247
375250
375251
375253
375254
375255
375256
375257
375258
375259
375260
375262
375263
375264
375266
375268
375270
375273
375274
375276
375277
375278
375280
375284
375287
375288
375289
375295
375298
375300
375301
375312
375319
375329
375332
375336
375340
375347
375349
375351
375355
375360
375361
375367
375368
375370
375391
375393
375395
375396
375397
375398
375402
375404
375408
375409
375411
375415
375416
375417
375418
375419
375420
375422
375423
375427
375429
375430
375431
375433
375434
375437
375438
375439
375440
375442
375443
375444
375445
375447
375448
375449
375450
375451
375456
375459
375460
375461
375462
375463
375464
375465
375467
375468
375469
375470
375472
375473
375474
375475
375476
375477
375479
375480
375481
375482
375484
375487
375488
375489
375541
375542
375543
375544
375545
375546
375547
375548
375549
375550
375553
375554
375555
375556
375558
375559
375561
375663
375664
375665
375666
375667
375668
375669
375670
375671
375672
375673
375674
375675
375676
375677
375678
375679
375680
375681
375682
375683
375684
375686
375687
375689
375690
375691
375692
375693
375694
375695
375696
375699
375700
375701
375702
375703
375704
375705
375706
375707
375708
375709
375711
375712
375720
375725
375728
375730
375731
375738
375745
375746
375747
375750
375751
375761
375763
375764
375765
375766
375767
375770
375772
375773
375775
375776
375780
375781
375782
375783
375784
375786
375788
375789
375791
375793
375794
375795
375796
375797
375798
375800
375801
375802
375803
375804
375805
375806
375807
375808
375809
375810
375812
375818
375823
375835
375836
375861
375942
375954
375959
375971
375975
375980
375981
375995
376000
376003
376007
376012
376013
376014
376017
376019
376021
376024
376025
376028
376032
376041
376115
376116
376117
376120
376121
376122
376123
376124
376125
376126
376127
376131
376132
376133
376134
376135
376136
376137
376138
376139
376140
376141
376143
376144
376145
376146
376147
376150
376151
376152
376153
376155
376156
376157
376158
376161
376162
376163
376165
376166
376167
376169
376173
376175
376176
376177
376178
376179
376180
376184
376185
376187
376189
376192
376193
376194
376195
376196
376197
376198
376199
376201
376202
376203
376204
376205
376207
376208
376209
376212
376213
376214
376219
376221
376224
376240
376254
376255
376263
376268
376275
376276
376287
376309
376316
376318
376320
376322
376323
376324
376325
376326
376327
376329
376333
376334
376336
376338
376339
376340
376341
376342
376344
376345
376346
376347
376348
376350
376351
376352
376353
376356
376357
376359
376360
376362
376363
376397
376408
376417
376418
376419
376420
376424
376425
376427
376428
376430
376431
376432
376433
376435
376436
376437
376443
376444
376445
376446
376447
376448
376449
376450
376451
376452
376453
376454
376457
376458
376459
376460
376462
376463
376464
376465
376466
376467
376468
376469
376470
376472
376473
376476
376477
376478
376481
376483
376484
376485
376487
376488
376489
376490
376491
376495
376496
376497
376500
376501
376502
376503
376506
376507
376508
376509
376511
376512
376513
376516
376532
376548
376616
376618
376619
376621
376623
376625
376626
376627
376628
376629
376632
376633
376636
376637
376642
376643
376644
376647
376650
376651
376655
376656
376658
376659
376660
376661
376663
376664
376665
376667
376668
376669
376670
376671
376672
376673
376674
376675
376676
376678
376679
376680
376681
376682
376683
376684
376685
376686
376687
376688
376690
376691
376693
376694
376696
376697
376699
376700
376701
376702
376703
376704
376705
376706
376707
376708
376709
376710
376711
376712
376713
376714
376715
376716
376717
376718
376720
376721
376722
376724
376725
376728
376730
376733
376734
376735
376736
376737
376738
376740
376742
376744
376747
376748
376749
376750
376752
376754
376755
376756
376757
376758
376759
376761
376762
376763
376772
376773
376775
376776
376784
376791
376799
376805
376806
376809
376813
376915
376916
376918
376919
376920
376921
376922
376923
376924
376926
376928
376929
376930
376931
376934
376936
376937
376938
376940
376941
376942
376943
376945
376946
376947
376949
376950
376951
376954
376955
376958
376959
376960
376961
376962
376963
376964
376967
377314
377316
377317
377318
377319
377320
377321
377322
377323
377324
377325
377326
377327
377328
377329
377330
377331
377333
377334
377336
377337
377338
377339
377340
377341
377343
377344
377345
377346
377347
377348
377349
377350
377351
377352
377355
377356
377357
377358
377359
377360
377361
377362
377363
377665
377666
377667
377668
377669
377670
377671
377672
377673
377674
377677
377678
377679
377680
377681
377682
377683
377684
377685
377686
377687
377688
377689
377690
377691
377692
377693
377694
377695
377696
377697
377698
377699
377700
377702
377704
377706
377707
377708
377709
377710
377711
380148
380151
380152
380154
380156
380157
380158
380161
380162
380164
380167
380168
380169
380170
380171
380173
380174
380176
380177
380178
380179
380180
380181
380182
380183
380184
380185
380186
380187
380189
380190
380192
380194
380195
380196
380197
380198
380199
380200
380201
380202
380203
380204
380205
380207
380208
380209
380211
380212
380213
380214
380215
380219
380220
380221
380223
380226
380227
380228
380229
380230
380231
380232
380233
380234
380235
380236
380237
380238
380239
380243
380244
380245
380246
380247
380248
380249
380250
380251
380253
380257
380258
380259
380260
380261
380262
380265
380268
380269
380270
380271
380272
380274
380275
380276
380281
380285
380287
380288
380293
380296
380298
380299
380300
380302
380303
380304
380305
380306
380309
380310
380311
380312
380313
380315
380316
380317
380318
380320
380321
380322
380323
380324
380325
380327
380328
380330
380331
380332
380333
380334
380335
380336
380337
380339
380340
380341
380342
380343
380344
380345
380347
380349
380351
380353
380355
380356
380357
380358
380359
380360
380361
380362
380363
380364
380366
380367
380368
380369
380370
380371
380372
380374
380375
380376
380377
380378
380379
380380
380385
380386
380387
380389
380390
380391
380392
380393
380394
380397
380398
380399
380400
380401
380402
380403
380404
380405
380406
380407
380408
380409
380410
380411
380412
380413
380414
380415
380416
380417
380418
380419
380420
380421
380422
380424
380425
380426
380427
380428
380429
380430
380433
380434
380435
380436
380437
380438
380439
380440
380441
380442
380443
380444
380445
380446
380447
380448
380449
380450
380451
380452
380454
380455
380456
380457
380458
380459
380460
380461
380462
380463
380464
380465
380466
380467
380468
380469
380470
380471
380472
380473
380474
380475
380476
380477
380478
380479
380480
380481
380482
380483
380484
380485
380486
380487
380488
380489
380490
380491
380492
380493
380494
380495
380496
380499
380500
380501
380502
380503
380504
380505
380506
380507
380508
380509
380510
380511
380512
380513
380514
380515
380516
380517
380518
380519
380520
380521
380522
380523
380524
380525
380526
380527
380528
380529
380530
380531
380532
380533
380534
380535
380536
380537
380538
380539
380540
380541
380542
380544
380545
380546
380547
380548
380550
380551
380552
380553
380554
380555
380556
380557
380558
380559
380560
380561
380562
380563
380565
380568
380570
380571
380572
380574
380575
380577
380578
380580
380581
380582
380583
380584
380585
380586
380587
380589
380590
380591
380592
380593
380594
380597
380600
380601
380603
380604
380606
380607
380608
380609
380610
380611
380612
380614
380616
380617
380618
380619
380620
380621
380622
380623
380624
380625
380626
380627
380628
380629
380630
380631
380632
380633
380634
380635
380636
380637
380638
380639
380640
380641
380642
380643
380644
380645
380646
380647
380698
380699
380703
380704
380706
380707
380708
380709
380710
380711
380712
380713
380714
380715
380716
380717
380719
380720
380722
380724
380725
380727
380729
380731
380732
380733
380734
380735
380736
380737
380740
380742
380743
380744
380745
380746
380747
380748
380749
380750
380752
380753
380755
380756
380757
380758
380759
380760
380762
380763
380764
380770
380778
380781
380783
380785
380789
380790
380792
380793
380796
380798
380799
380800
380801
380802
380804
380805
380806
380807
380808
380809
380810
380811
380813
380814
380815
380816
380818
380820
380821
380822
380823
380824
380825
380827
380828
380829
380830
380831
380832
380834
380835
380836
380838
380839
380840
380841
380842
380844
380845
380846
380847
380898
380899
380900
380901
380902
380903
380904
380905
380907
380908
380909
380910
380911
380912
380913
380914
380915
380916
380917
380919
380920
380921
380922
380923
380924
380927
380929
380930
380931
380932
380933
380934
380935
380936
380937
380938
380939
380940
380941
380942
380943
380944
380945
380946
380948
380949
380950
380951
380952
380953
380954
380955
380956
380957
380959
380960
380961
380962
380963
380964
380965
380966
380967
380969
380970
380971
380972
380973
380974
380975
380976
380977
380978
380979
380980
380981
380982
380983
380985
380986
380987
380988
380989
380990
380991
380992
380993
380994
380995
380996
380997
381001
381002
381003
381004
381005
381006
381007
381009
381010
381011
381012
381013
381014
381015
381016
381017
381018
381019
381020
381021
381022
381024
381025
381026
381027
381028
381029
381030
381031
381033
381034
381035
381036
381037
381038
381040
381041
381042
381043
381044
381045
381046
381048
381049
381050
381051
381052
381053
381055
381056
381057
381058
381059
381060
381061
381062
381063
381064
381065
381066
381067
381068
381069
381070
381071
381072
381073
381074
381075
381076
381077
381078
381079
381080
381081
381082
381083
381084
381085
381086
381087
381088
381089
381090
381091
381092
381093
381094
381095
381096
381097
381148
381149
381150
381151
381152
381153
381154
381155
381156
381157
381158
381159
381160
381161
381163
381164
381165
381166
381167
381168
381169
381170
381171
381172
381173
381174
381175
381176
381177
381178
381179
381180
381181
381182
381183
381184
381185
381187
381188
381189
381190
381191
381192
381193
381194
381195
381196
381198
381199
381200
381202
381203
381204
381206
381207
381208
381209
381210
381211
381212
381213
381214
381216
381217
381219
381221
381222
381223
381224
381225
381227
381228
381229
381230
381232
381233
381234
381236
381237
381239
381240
381242
381243
381244
381245
381246
381247
381248
381249
381251
381252
381253
381254
381255
381257
381258
381259
381260
381261
381262
381263
381264
381265
381267
381268
381269
381270
381271
381272
381273
381275
381276
381277
381278
381279
381280
381281
381282
381283
381284
381285
381286
381287
381288
381289
381290
381291
381292
381293
381294
381295
381296
381297
381348
381349
381350
381351
381353
381354
381356
381357
381358
381359
381360
381361
381363
381365
381366
381367
381368
381370
381371
381372
381373
381374
381375
381376
381377
381378
381379
381380
381381
381382
381384
381385
381386
381388
381389
381390
381391
381392
381393
381394
381395
381396
381419
381420
381421
381422
381423
381424
381425
381426
381427
381428
381429
381430
381432
381433
381434
381435
381436
381437
381438
381439
381440
381441
381442
381443
381444
381445
381446
381447
381448
381450
381451
381453
381454
381456
381457
381458
381459
381460
381461
381462
381463
381464
381465
381466
381468
381470
381471
381472
381473
381475
381476
381477
381478
381479
381481
381482
381483
381486
381487
381488
381489
381490
381491
381492
381494
381497
381498
381499
381501
381503
381504
381506
381508
381509
381510
381511
381512
381513
381514
381515
381516
381567
381568
381569
381570
381571
381572
381573
381574
381575
381576
381577
381578
381579
381580
381581
381582
381583
381584
381585
381588
381589
381590
381591
381592
381593
381594
381595
381596
381597
381598
381600
381601
381602
381603
381604
381605
381607
381608
381609
381611
381612
381614
381615
381616
381617
381618
381620
381623
381626
381627
381628
381629
381630
381631
381632
381633
381634
381637
381638
381640
381641
381642
381643
381645
381646
381647
381648
381649
381650
381651
381652
381653
381654
381655
381656
381657
381659
381660
381662
381663
381664
381665
381667
381668
381670
381671
381672
381673
381675
381678
381679
381680
381682
381683
381684
381685
381686
381688
381691
381693
381694
381695
381696
381697
381700
381701
381702
381704
381705
381706
381707
381708
381709
381711
381712
381713
381717
381718
381719
381720
381722
381723
381724
381725
381726
381727
381728
381729
381730
381731
381732
381733
381734
381735
381736
381737
381738
381739
381740
381741
381742
381743
381744
381745
381746
381747
381748
381749
381750
381752
381753
381754
381755
381757
381758
381759
381760
381761
381762
381764
381767
381771
381772
381773
381774
381775
381776
381778
381779
381780
381781
381783
381785
381786
381788
381789
381790
381791
381792
381793
381794
381795
381796
381797
381798
381799
381800
381801
381802
381804
381805
381806
381807
381808
381809
381811
381812
381814
381815
381816
381817
381818
381821
381823
381824
381825
381826
381827
381828
381829
381831
381832
381833
381834
381835
381836
381838
381840
381841
381842
381844
381847
381848
381849
381850
381851
381853
381854
381855
381856
381857
381858
381860
381862
381863
381864
381865
381868
381886
381889
381890
381904
381920
381922
381927
381929
381930
381936
381946
381949
381962
381967
381968
381969
381970
381971
381974
381976
381978
381979
381981
381982
381984
381987
381989
381990
381991
381993
381994
381995
381996
381998
381999
382000
382002
382004
382005
382006
382007
382010
382011
382012
382013
382016
382068
382069
382072
382073
382075
382077
382078
382079
382080
382081
382082
382084
382085
382086
382087
382090
382094
382096
382103
382104
382107
382112
382114
382267
382268
382271
382273
382274
382280
382283
382287
382292
382299
382302
382305
382339
382550
382551
382552
382556
382558
382560
382564
382565
382566
382569
382570
382577
382580
382586
382712
382728
382797
382802
382804
382806
382808
382809
382811
382812
382813
382815
382817
382819
382820
382830
382838
383690
383691
383692
383693
383694
383695
383696
383706
383731
383735
383739
383740
383741
383742
383743
383744
383775
383778
383782
383783
383828
383832
383836
383850
383855
383856
383884
383887
383889
383890
383891
383892
383929
383939
383940
383941
383942
383952
383967
383974
383987
383992
384046
384054
384057
384069
384090
384091
384092
384093
384094
384095
384103
384114
384128
384140
384141
384142
384144
384145
384147
384156
384178
384186
384191
384193
384194
384195
384196
384198
384206
384230
384237
384243
384264
384282
384289
384296
384298
384299
384329
384342
384343
384344
384345
384346
384347
384367
384373
384391
384420
384440
384461
384488
384489
384491
384494
384496
384501
384525
384537
384541
384542
384547
384549
384578
384587
388009
388010
388011
388012
388013
388016
388058
388106
388109
388128
388149
388150
388157
388158
388159
388160
388161
388171
388190
388208
388209
388212
388232
388239
388241
388246
388252
388258
388259
388300
388308
388309
388310
388326
388342
388358
388359
388360
388363
388369
388407
388408
388409
388410
388411
388412
388435
388447
388457
388459
388460
388461
388462
388463
388479
388491
388508
388527
388563
388585
388607
388608
388609
388610
388611
388612
388615
388625
388658
388659
388660
388668
388695
388731
388757
388764
388799
388843
388845
389856
389858
389863
389865
389866
389874
389875
389879
389881
389882
389883
389885
389888
389889
389892
389893
389900
389902
389903
389904
389905
389908
389909
389911
389913
389915
389916
389917
389918
389919
389922
389923
389924
389930
389933
389935
389937
389938
389939
389940
389941
389944
389947
389949
389950
389951
389954
389956
389957
389963
389965
389970
389973
389980
389987
389991
390001
390005
390007
390009
390010
390011
390012
390016
390028
390032
390034
390037
390040
390051
390054
390055
390056
390060
390064
390066
390068
390070
390072
390077
390081
390082
390085
390088
390089
390095
390099
390103
390104
390109
390114
390115
390119
390121
390122
390123
390125
390129
390132
390139
390142
390148
390149
390155
390164
390166
390170
390172
390173
390175
390177
390195
390201
390205
390208
390210
390213
390219
390222
390229
390232
390233
390235
390238
390239
390240
390241
390244
390246
390248
390249
390252
390253
390256
390257
390258
390261
390264
390265
390267
390268
390270
390276
390279
390280
390283
390285
390286
390289
390291
390292
390295
390297
390298
390299
390300
390303
390306
390310
390312
390313
390315
390316
390320
390322
390326
390327
390332
390334
390335
390338
390339
390340
390342
390344
390348
390349
390351
390352
390353
390404
390406
390407
390408
390410
390411
390413
390420
390425
390427
390428
390429
390433
390435
390436
390441
390442
390445
390446
390448
390453
390454
390462
390465
390466
390467
390469
390473
390474
390476
390478
390481
390484
390486
390489
390523
390525
390526
390539
390543
390545
390604
390605
390611
390613
390614
390615
390616
390617
390618
390619
390621
390623
390626
390627
390634
390636
390638
390639
390641
390643
390646
390647
390651
390653
390658
390662
390663
390664
390666
390668
390670
390671
390672
390673
390674
390676
390678
390679
390683
390692
390696
390699
390701
390743
390746
390751
390752
390774
390777
390781
390789
390796
390805
390806
390810
390812
390814
390820
390825
390826
390828
390829
390837
390838
390842
390846
390848
390851
390853
390854
390893
390897
390900
390901
390902
390903
390905
390906
390907
390908
390909
390910
390911
390912
390913
390914
390915
390916
390917
390918
390919
390920
390921
390922
390923
390924
390925
390926
390927
390928
390929
390930
390932
390933
390934
390935
390936
390937
390938
390939
390940
390941
390942
390943
390944
390945
390946
390947
390948
390949
390950
390951
390952
390953
391001
391003
391004
391005
391006
391007
391008
391009
391010
391011
391012
391015
391016
391017
391018
391020
391021
391022
391023
391024
391025
391026
391027
391028
391029
391030
391031
391032
391033
391034
391035
391036
391037
391038
391040
391041
391042
391043
391044
391045
391046
391047
391048
391049
391050
391051
391053
391151
391152
391153
391159
391163
391187
391197
391200
391201
391202
391203
391204
391205
391207
391208
391209
391210
391211
391213
391214
391216
391217
391218
391222
391223
391224
391225
391226
391227
391228
391229
391231
391232
391233
391234
391235
391236
391237
391238
391239
391242
391244
391245
391246
391249
391250
391251
391252
391253
391255
391259
391260
391272
391273
391275
391276
391277
391278
391279
391280
391281
391282
391284
391285
391286
391287
391288
391289
391290
391291
391292
391293
391294
391295
391296
391299
391300
391301
391302
391303
391329
391348
391349
391350
391352
391353
391358
391362
391363
391365
391367
391370
391371
391372
391378
391379
391381
391383
391385
391386
391387
391388
391389
391390
391391
391393
391394
391395
391396
391399
391400
391401
391402
391403
391405
391406
391407
391408
391409
391410
391411
391412
391414
391415
391416
391417
391418
391420
391421
391423
391425
391426
391427
391428
391429
391430
391432
391434
391435
391438
391439
391440
391442
391444
391445
391446
391447
391448
391449
391450
391451
391453
391454
391455
391456
391457
391458
391459
391460
391462
391463
391464
391465
391466
391468
391469
391470
391471
391472
391473
391474
391475
391476
391477
391478
391479
391480
391481
391482
391483
391484
391485
391486
391487
391488
391489
391490
391491
391493
391495
391496
391497
391498
391499
391501
391502
391503
391504
391505
391506
391507
391508
391509
391510
391511
391512
391513
391516
391517
391518
391519
391520
391521
391522
391523
391524
391527
391528
391529
391530
391531
391532
391533
391534
391536
391537
391538
391540
391542
391544
391545
391547
391549
391550
391552
391553
391554
391555
391556
391557
391558
391559
391560
391561
391562
391563
391564
391566
391567
391568
391570
391571
391572
391573
391575
391577
391579
391580
391583
391585
391586
391587
391590
391592
391593
391594
391595
391597
391598
391599
391600
391601
391602
391603
391604
391605
391606
391607
391608
391609
391610
391612
391614
391615
391616
391617
391618
391619
391620
391621
391623
391624
391625
391626
391627
391628
391629
391630
391631
391632
391633
391634
391635
391636
391637
391638
391639
391640
391641
391642
391644
391645
391646
391647
391649
391650
391651
391652
391654
391657
391658
391659
391660
391661
391664
391665
391666
391668
391669
391670
391671
391672
391673
391674
391675
391676
391677
391678
391679
391680
391681
391682
391684
391685
391686
391687
391688
391689
391690
391691
391693
391694
391695
391696
391697
391698
391699
391700
391701
391702
391747
391749
391750
391751
391752
391753
391849
391850
391851
391852
391853
391856
391857
391858
391859
391860
391861
391863
391864
391865
391868
391869
391870
391871
391872
391873
391874
391875
391876
391877
391878
391879
391880
391881
391882
391884
391885
391886
391887
391888
391889
391890
391891
391894
391896
391897
391898
391899
391900
391901
391902
391903
391904
391905
391906
391907
391909
391910
391911
391912
391913
391915
391916
391917
391918
391919
391920
391922
391923
391924
391926
391927
391928
391930
391932
391956
391967
391968
391972
391974
391975
391978
391980
391981
391982
391983
391984
391986
392002
392036
392049
392050
392075
392077
392079
392080
392082
392084
392085
392086
392087
392088
392089
392091
392092
392093
392094
392095
392096
392097
392098
392099
392100
392101
392102
392103
392104
392105
392107
392108
392109
392110
392111
392112
392113
392116
392117
392118
392120
392121
392122
392123
392124
392126
392127
392129
392130
392131
392132
392133
392134
392135
392136
392137
392138
392139
392140
392141
392142
392143
392144
392146
392147
392148
392150
392151
392152
392153
392154
392156
392157
392158
392159
392160
392162
392163
392164
392165
392166
392167
392168
392169
392170
392171
392172
392173
392174
392175
392176
392177
392178
392180
392181
392183
392184
392185
392186
392187
392188
392189
392192
392193
392194
392195
392196
392197
392198
392199
392200
392201
392202
392203
392204
392205
392207
392211
392212
392213
392214
392215
392216
392217
392218
392220
392221
392222
392225
392227
392228
392229
392234
392265
392267
392276
392277
392279
392280
392283
392284
392285
392286
392287
392288
392289
392290
392291
392292
392294
392295
392296
392297
392298
392299
392300
392301
392302
392303
392304
392305
392306
392307
392308
392309
392310
392311
392313
392314
392315
392316
392317
392318
392319
392320
392321
392322
392323
392325
392326
392327
392328
392330
392331
392332
392333
392334
392335
392336
392337
392338
392340
392341
392342
392343
392344
392345
392346
392347
392348
392349
392350
392355
392356
392357
392359
392360
392361
392362
392363
392364
392365
392368
392369
392370
392371
392372
392373
392375
392376
392377
392378
392379
392380
392381
392382
392383
392386
392388
392389
392390
392391
392394
392395
392396
392397
392398
392399
392400
392403
392404
392405
392406
392407
392408
392409
392410
392411
392412
392413
392414
392415
392416
392417
392418
392419
392420
392421
392422
392424
392425
392426
392427
392428
392429
392430
392431
392433
392434
392435
392437
392438
392439
392440
392441
392442
392443
392444
392445
392447
392448
392449
392450
392451
392452
392453
392454
392455
392456
392457
392459
392460
392461
392462
392463
392464
392465
392467
392468
392469
392470
392472
392473
392474
392475
392477
392478
392479
392480
392481
392482
392484
392485
392486
392487
392488
392489
392490
392491
392492
392493
392494
392495
392496
392498
392499
392500
392501
392534
392546
392548
392553
392554
392555
392556
392557
392558
392559
392560
392561
392562
392563
392564
392565
392566
392567
392568
392569
392570
392571
392572
392573
392574
392575
392576
392578
392579
392582
392583
392584
392585
392586
392587
392588
392589
392590
392591
392592
392593
392594
392595
392596
392597
392598
392599
392600
392601
392603
392604
392605
392608
392609
392610
392611
392612
392614
392615
392616
392619
392620
392621
392622
392623
392624
392625
392626
392627
392628
392629
392630
392631
392632
392633
392634
392635
392636
392637
392638
392639
392640
392641
392642
392643
392644
392646
392647
392648
392649
392650
392652
392654
392655
392656
392657
392658
392659
392660
392661
392662
392663
392664
392666
392667
392668
392669
392670
392671
392672
392673
392674
392675
392676
392677
392678
392680
392681
392683
392684
392685
392686
392687
392688
392689
392690
392691
392692
392693
392695
392696
392697
392698
392699
392700
392701
392746
392747
392748
392749
392750
392751
392752
392753
392754
392755
392756
392758
392759
392760
392761
392762
392764
392765
392766
392767
392768
392769
392770
392771
392772
392773
392774
392775
392776
392777
392778
392779
392780
392781
392782
392783
392784
392785
392786
392788
392789
392790
392791
392792
392793
392794
392796
392797
392798
392799
392800
392802
392803
392804
392805
392806
392807
392810
392811
392812
392813
392814
392815
392816
392818
392819
392820
392821
392822
392823
392824
392825
392826
392827
392828
392829
392830
392831
392832
392833
392834
392835
392836
392837
392841
392842
392843
392844
392845
392846
392847
392848
392853
392854
392856
392858
392859
392862
392863
392864
392865
392867
392868
392869
392870
392871
392872
392873
392874
392875
392876
392877
392878
392879
392880
392883
392884
392885
392886
392887
392889
392890
392891
392892
392893
392894
392895
392896
392897
392898
392899
392900
392901
392904
392905
392906
392907
392908
392909
392910
392911
392912
392914
392915
392916
392918
392920
392921
392924
392925
392926
392927
392928
392929
392930
392931
392932
392935
392937
392938
392939
392940
392943
392945
392946
392947
392949
392950
392951
392955
392999
393000
393052
393053
393054
393055
393056
393057
393058
393060
393061
393062
393064
393065
393067
393068
393069
393070
393071
393072
393073
393074
393075
393076
393077
393078
393079
393080
393081
393083
393084
393086
393087
393088
393089
393090
393091
393092
393093
393094
393095
393096
393097
393098
393099
393100
393127
393148
393149
393178
393198
393200
393201
393241
393250
393400
