0
1
2
3
4
5
6
7
8
9
10
21
22
28
29
30
31
32
33
34
35
36
38
43
46
47
48
66
71
73
78
89
91
95
96
97
98
99
100
101
102
103
104
105
108
109
112
113
114
122
125
126
127
128
129
130
131
132
133
134
135
137
138
143
152
157
162
164
165
167
171
172
173
174
175
176
177
178
179
183
188
191
192
193
194
195
196
197
198
200
201
203
204
224
225
237
238
239
240
245
246
247
252
253
265
266
267
268
269
270
271
272
273
280
281
282
283
284
285
287
288
290
291
292
296
297
298
299
300
301
331
332
333
336
337
341
342
343
344
345
346
347
348
349
350
351
352
356
357
358
359
360
361
362
363
364
368
369
370
372
385
386
387
389
394
395
397
401
403
404
405
406
414
415
417
418
425
426
430
431
432
433
434
435
436
437
438
439
440
441
442
443
444
456
457
458
460
461
464
465
466
467
469
470
471
472
473
474
475
476
477
478
479
480
481
482
483
484
485
486
487
488
489
491
492
493
494
495
501
502
504
505
507
508
509
510
511
512
513
516
518
521
525
526
527
528
530
532
534
537
539
540
543
544
545
546
547
548
550
551
553
554
555
556
557
561
564
565
566
569
572
573
581
588
594
595
596
597
598
599
600
601
603
604
607
611
613
621
625
626
628
629
633
636
638
641
648
649
650
651
670
671
691
703
708
722
726
733
734
735
736
748
751
759
761
762
763
764
765
770
773
775
783
788
789
790
799
804
815
816
817
818
819
820
821
822
839
840
841
842
843
844
845
846
847
848
849
853
854
858
860
864
867
868
870
874
877
878
880
883
885
887
888
891
894
895
896
897
898
902
904
906
907
908
909
910
912
914
915
916
919
920
925
926
927
928
929
931
932
933
934
938
940
941
942
943
944
945
946
947
948
950
951
952
953
954
956
958
962
963
964
965
967
968
969
972
973
977
982
987
989
991
992
998
999
1000
1001
1002
1007
1009
1011
1012
1013
1014
1015
1019
1020
1027
1031
1037
1053
1058
1060
1061
1072
1081
1082
1086
1087
1091
1094
1095
1102
1104
1106
1107
1115
1123
1125
1126
1127
1128
1129
1130
1131
1134
1136
1138
1145
1159
1162
1163
1164
1165
1166
1167
1168
1170
1171
1178
1179
1180
1181
1182
1187
1194
1209
1210
1211
1216
1219
1224
1226
1227
